14.9760
7.5463
6.2288
4.8742
4.0042
3.3949
2.6903
2.3186
2.1218
1.8659
1.6204
1.4469
1.3311
1.2041
1.1001
1.0127
0.9307
0.8661
0.7966
0.7565
0.7052
0.6631
0.6217
0.5857
0.5637
0.5442
0.5086
0.4755
0.4563
0.4396
0.4294
0.4105
0.3857
0.3785
0.3621
0.3454
0.3377
0.3331
0.3194
0.3081
0.2958
0.2863
0.2868
0.2645
0.2597
0.2548
0.2498
0.2503
0.2353
0.2311
0.2255
0.2193
0.2195
0.2141
0.2037
0.2061
0.2013
0.1927
0.1902
0.1861
0.1836
0.1761
0.1767
0.1730
0.1666
0.1648
0.1610
0.1679
0.1571
0.1576
0.1520
0.1513
0.1475
0.1453
0.1425
0.1427
0.1380
0.1369
0.1368
0.1337
0.1328
0.1283
0.1270
0.1225
0.1253
0.1235
0.1181
0.1172
0.1196
0.1140
0.1142
0.1155
0.1153
0.1099
0.1109
0.1080
0.1087
0.1069
0.1037
0.1052
0.1045
0.1021
0.1007
0.1007
0.0952
0.0961
0.0957
0.0943
0.0940
0.0918
0.0928
0.0895
0.0889
0.0877
0.0889
0.0867
0.0865
0.0848
0.0850
0.0846
0.0823
0.0809
0.0837
0.0847
0.0804
0.0798
0.0765
0.0775
0.0771
0.0782
0.0760
0.0770
0.0759
0.0748
0.0728
0.0756
0.0726
0.0710
0.0716
0.0707
0.0728
0.0692
0.0693
0.0690
0.0700
0.0694
0.0664
0.0669
0.0663
0.0652
0.0659
0.0651
0.0663
0.0642
0.0633
0.0633
0.0634
0.0609
0.0619
0.0601
0.0615
0.0597
0.0622
0.0594
0.0597
0.0589
0.0598
0.0592
0.0576
0.0564
0.0575
0.0564
0.0575
0.0565
0.0566
0.0543
0.0559
0.0563
0.0549
0.0541
0.0543
0.0526
0.0526
0.0517
0.0532
0.0513
0.0520
0.0534
0.0501
0.0523
0.0521
0.0498
0.0512
0.0493
0.0494
0.0502
0.0495
0.0486
0.0495
0.0494
0.0486
0.0491
0.0485
0.0474
0.0473
0.0459
0.0457
0.0459
0.0482
0.0479
0.0448
0.0456
0.0456
0.0456
0.0447
0.0441
0.0452
0.0458
0.0438
0.0456
0.0417
0.0439
0.0449
0.0440
0.0435
0.0433
0.0438
0.0421
0.0412
0.0420
0.0427
0.0417
0.0414
0.0418
0.0403
0.0408
0.0419
0.0407
0.0412
0.0397
0.0403
0.0395
0.0395
0.0401
0.0395
0.0394
0.0388
0.0392
0.0386
0.0390
0.0384
0.0384
0.0380
0.0374
0.0372
0.0386
0.0378
0.0373
0.0369
0.0368
0.0368
0.0372
0.0372
0.0369
0.0354
0.0364
0.0361
0.0361
0.0354
0.0351
0.0349
0.0356
0.0367
0.0354
0.0346
0.0357
0.0337
0.0342
0.0351
0.0347
0.0339
0.0338
0.0343
0.0335
0.0334
0.0338
0.0334
0.0341
0.0326
0.0332
0.0339
0.0327
0.0329
0.0331
0.0332
0.0325
0.0326
0.0322
0.0323
0.0321
0.0324
0.0308
0.0320
0.0313
0.0318
0.0314
0.0314
0.0315
0.0300
0.0303
0.0318
0.0302
0.0296
0.0299
0.0315
0.0293
0.0302
0.0299
0.0304
0.0299
0.0314
0.0301
0.0296
0.0290
0.0298
0.0299
0.0297
0.0297
0.0286
0.0298
0.0292
0.0289
0.0293
0.0286
0.0286
0.0288
0.0279
0.0292
0.0274
0.0281
0.0286
0.0280
0.0284
0.0281
0.0275
0.0275
0.0271
0.0274
0.0281
0.0271
0.0263
0.0275
0.0273
0.0276
0.0268
0.0267
0.0268
0.0261
0.0269
0.0265
0.0263
0.0263
0.0261
0.0271
0.0265
0.0253
0.0266
0.0258
0.0263
0.0255
0.0256
0.0255
0.0263
0.0257
0.0249
0.0258
0.0253
0.0251
0.0252
0.0251
0.0243
0.0250
0.0249
0.0242
0.0251
0.0245
0.0246
0.0246
0.0241
0.0244
0.0242
0.0243
0.0247
0.0253
0.0249
0.0233
0.0247
0.0235
0.0237
0.0234
0.0237
0.0236
0.0237
0.0232
0.0236
0.0229
0.0226
0.0230
0.0234
0.0232
0.0231
0.0227
0.0233
0.0230
0.0218
0.0225
0.0226
0.0224
0.0219
0.0229
0.0223
0.0217
0.0224
0.0213
0.0224
0.0223
0.0225
0.0223
0.0224
0.0220
0.0218
0.0218
0.0215
0.0223
0.0216
0.0212
0.0218
0.0212
0.0212
0.0210
0.0209
0.0222
0.0209
0.0217
0.0207
0.0215
0.0211
0.0211
0.0216
0.0215
0.0206
0.0199
0.0210
0.0209
0.0206
0.0204
0.0210
0.0205
0.0200
0.0208
0.0208
0.0208
0.0207
0.0203
0.0203
0.0204
0.0202
0.0203
0.0207
0.0199
0.0194
0.0194
0.0201
0.0199
0.0199
0.0198
0.0198
0.0208
0.0198
0.0191
0.0209
0.0191
0.0196
0.0186
0.0191
0.0191
0.0192
0.0189
0.0196
0.0189
0.0189
0.0191
0.0192
0.0193
0.0186
0.0194
0.0188
0.0193
0.0186
0.0189
0.0188
0.0196
0.0191
0.0184
0.0184
0.0185
0.0180
0.0184
0.0185
0.0184
0.0186
0.0183
0.0183
0.0178
0.0180
0.0186
0.0181
0.0189
0.0174
0.0181
0.0180
0.0183
0.0184
0.0180
0.0181
0.0178
0.0175
0.0175
0.0175
0.0179
0.0181
0.0176
0.0177
0.0177
0.0176
0.0167
0.0178
0.0174
0.0173
0.0173
0.0171
0.0170
0.0179
0.0176
0.0179
0.0172
0.0169
0.0176
0.0169
0.0173
0.0162
0.0165
0.0166
0.0168
0.0167
0.0169
0.0171
0.0171
0.0170
0.0172
0.0169
0.0163
0.0168
0.0169
0.0167
0.0166
0.0166
0.0168
0.0163
0.0165
0.0166
0.0162
0.0167
0.0165
0.0161
0.0165
0.0158
0.0163
0.0156
0.0164
0.0169
0.0158
0.0161
0.0153
0.0160
0.0161
0.0151
0.0164
0.0160
0.0160
0.0152
0.0158
0.0167
0.0161
0.0160
0.0154
0.0154
0.0159
0.0157
0.0162
0.0153
0.0157
0.0150
0.0159
0.0156
0.0154
0.0149
0.0157
0.0159
0.0153
0.0157
0.0152
0.0151
0.0155
0.0152
0.0153
0.0159
0.0156
0.0152
0.0148
0.0152
0.0147
0.0150
0.0144
0.0149
0.0155
0.0145
0.0146
0.0140
0.0151
0.0147
0.0145
0.0148
0.0144
0.0146
0.0151
0.0153
0.0141
0.0149
0.0148
0.0148
0.0143
0.0137
0.0145
0.0146
0.0140
0.0147
0.0142
0.0144
0.0142
0.0146
0.0146
0.0143
0.0139
0.0140
0.0141
0.0138
0.0146
0.0143
0.0147
0.0143
0.0142
0.0143
0.0139
0.0138
0.0138
0.0137
0.0139
0.0142
0.0135
0.0140
0.0135
0.0136
0.0137
0.0139
0.0140
0.0136
0.0136
0.0135
0.0139
0.0144
0.0132
0.0138
0.0138
0.0135
0.0136
0.0142
0.0131
0.0137
0.0131
0.0133
0.0136
0.0135
0.0135
0.0137
0.0132
0.0138
0.0132
0.0132
0.0132
0.0130
0.0130
0.0129
0.0132
0.0138
0.0128
0.0135
0.0131
0.0139
0.0136
0.0128
0.0134
0.0141
0.0132
0.0131
0.0130
0.0132
0.0126
0.0130
0.0125
0.0136
0.0130
0.0125
0.0131
0.0127
0.0130
0.0133
0.0127
0.0125
0.0127
0.0127
0.0125
0.0116
0.0128
0.0131
0.0127
0.0127
0.0127
0.0125
0.0129
0.0128
0.0124
0.0124
0.0126
0.0125
0.0124
0.0125
0.0126
0.0120
0.0125
0.0120
0.0116
0.0124
0.0127
0.0124
0.0126
0.0123
0.0122
0.0121
0.0120
0.0116
0.0120
0.0122
0.0123
0.0119
0.0123
0.0125
0.0119
0.0119
0.0118
0.0116
0.0120
0.0115
0.0122
0.0123
0.0116
0.0119
0.0121
0.0122
0.0117
0.0118
0.0118
0.0116
0.0117
0.0116
0.0118
0.0118
0.0117
0.0113
0.0121
0.0116
0.0119
0.0122
0.0115
0.0115
0.0119
0.0116
0.0119
0.0114
0.0118
0.0116
0.0115
0.0117
0.0115
0.0114
0.0115
0.0111
0.0117
0.0117
0.0119
0.0115
0.0108
0.0121
0.0114
0.0116
0.0113
0.0114
0.0118
0.0111
0.0113
0.0115
0.0119
0.0113
0.0113
0.0111
0.0117
0.0118
0.0114
0.0111
0.0117
0.0110
0.0111
0.0114
0.0107
0.0109
0.0113
0.0115
0.0109
0.0108
0.0114
0.0109
0.0109
0.0109
0.0113
0.0111
0.0112
0.0113
0.0110
0.0112
0.0110
0.0112
0.0112
0.0108
0.0106
0.0107
0.0109
0.0109
0.0112
0.0108
0.0110
0.0104
0.0106
0.0113
0.0103
0.0111
0.0106
0.0107
0.0107
0.0108
0.0110
0.0106
0.0109
0.0108
0.0110
0.0111
0.0105
0.0107
0.0107
0.0107
0.0108
0.0102
0.0103
0.0106
0.0102
0.0108
0.0099
0.0106
0.0105
0.0098
0.0109
0.0105
0.0107
0.0107
0.0108
0.0107
0.0104
0.0103
0.0102
0.0104
0.0100
0.0101
0.0103
0.0101
0.0104
0.0101
0.0100
0.0106
0.0104
0.0105
0.0102
0.0103
0.0101
0.0100
0.0102
0.0103
0.0103
0.0102
0.0105
0.0096
0.0101
0.0102
0.0099
0.0108
0.0099
0.0106
0.0104
0.0105
0.0102
0.0101
0.0102
0.0100
0.0100
0.0098
0.0103
0.0102
0.0102
0.0102
0.0096
0.0098
0.0105
0.0097
0.0100
0.0100
0.0099
0.0100
0.0101
0.0097
0.0101
0.0097
0.0094
0.0099
0.0101
0.0097
0.0103
0.0098
0.0093
0.0096
0.0096
0.0096
0.0096
0.0095
0.0095
0.0100
0.0102
0.0100
0.0095
0.0094
0.0098
0.0095
0.0094
0.0091
0.0093
0.0098
0.0097
0.0095
0.0095
0.0094
0.0094
0.0097
0.0092
0.0099
0.0099
0.0095
0.0099
0.0095
0.0095
0.0097
0.0091
0.0094
0.0093
0.0095
0.0093
0.0092
0.0094
0.0096
0.0090
0.0093
0.0093
0.0096
0.0093
0.0095
0.0094
0.0094
0.0092
0.0091
0.0093
0.0098
0.0094
0.0091
0.0091
0.0097
0.0094
0.0091
0.0092
0.0090
0.0090
0.0094
0.0093
0.0092
0.0092
0.0092
0.0089
0.0091
0.0096
0.0087
0.0089
0.0090
0.0088
0.0094
0.0085
0.0093
0.0094
0.0093
0.0089
0.0089
0.0090
0.0093
0.0090
0.0091
0.0088
0.0090
0.0082
0.0092
0.0086
0.0090
0.0088
0.0088
0.0083
0.0090
0.0094
0.0087
0.0087
0.0094
0.0089
0.0086
0.0086
0.0088
0.0086
0.0090
0.0088
0.0088
0.0091
0.0089
0.0083
0.0089
0.0087
0.0085
0.0088
0.0086
0.0088
0.0085
0.0087
0.0088
0.0086
0.0086
0.0086
0.0083
0.0087
0.0087
0.0089
0.0080
0.0084
0.0087
0.0083
0.0081
0.0082
0.0084
0.0088
0.0089
0.0087
0.0083
0.0086
0.0085
0.0087
0.0082
0.0084
0.0086
0.0088
0.0084
0.0085
0.0083
0.0083
0.0084
0.0082
0.0082
0.0087
0.0081
0.0082
0.0084
0.0079
0.0082
0.0083
0.0082
0.0085
0.0086
0.0087
0.0085
0.0086
0.0083
0.0087
0.0083
0.0084
0.0080
0.0082
0.0085
0.0088
0.0083
0.0081
0.0084
0.0086
0.0083
0.0080
0.0083
0.0082
0.0082
0.0080
0.0087
0.0084
0.0079
0.0082
0.0087
0.0084
0.0082
0.0082
0.0080
0.0081
0.0078
0.0083
0.0082
0.0076
0.0080
0.0081
0.0078
0.0085
0.0083
0.0083
0.0076
0.0079
0.0073
0.0081
0.0076
0.0077
0.0080
0.0075
0.0076
0.0076
0.0078
0.0081
0.0079
0.0077
0.0081
0.0078
0.0075
0.0078
0.0080
0.0077
0.0076
0.0076
0.0080
0.0079
0.0076
0.0078
0.0081
0.0077
0.0079
0.0081
0.0080
0.0072
0.0078
0.0083
0.0082
0.0078
0.0081
0.0082
0.0078
0.0072
0.0079
0.0076
0.0073
0.0075
0.0075
0.0079
0.0076
0.0076
0.0077
0.0076
0.0077
0.0076
0.0076
0.0076
0.0078
0.0080
0.0074
0.0073
0.0075
0.0077
0.0075
0.0082
0.0076
0.0078
0.0075
0.0078
0.0075
0.0077
0.0081
0.0075
0.0074
0.0076
0.0078
0.0077
0.0076
0.0075
0.0073
0.0075
0.0075
0.0073
0.0073
0.0077
0.0073
0.0075
0.0074
0.0076
0.0074
0.0074
0.0076
0.0074
0.0074
0.0071
0.0071
0.0071
0.0073
0.0071
0.0071
0.0077
0.0075
0.0069
0.0072
0.0077
0.0075
0.0071
0.0074
0.0073
0.0076
0.0078
0.0073
0.0074
0.0076
0.0071
0.0072
0.0071
0.0073
0.0076
0.0074
0.0072
0.0077
0.0071
0.0071
0.0073
0.0077
0.0075
0.0073
0.0070
0.0075
0.0071
0.0069
0.0076
0.0071
0.0075
0.0072
0.0072
0.0074
0.0067
0.0074
0.0074
0.0071
0.0069
0.0072
0.0073
0.0069
0.0074
0.0070
0.0069
0.0071
0.0072
0.0070
0.0074
0.0071
0.0067
0.0069
0.0072
0.0072
0.0072
0.0069
0.0072
0.0070
0.0071
0.0068
0.0069
0.0070
0.0066
0.0072
0.0066
0.0069
0.0070
0.0073
0.0070
0.0071
0.0067
0.0071
0.0068
0.0071
0.0066
0.0072
0.0069
0.0069
0.0068
0.0065
0.0069
0.0067
0.0067
0.0065
0.0068
0.0068
0.0068
0.0071
0.0067
0.0068
0.0065
0.0073
0.0064
0.0068
0.0067
0.0068
0.0069
0.0069
0.0067
0.0066
0.0066
0.0067
0.0071
0.0068
0.0070
0.0070
0.0069
0.0075
0.0064
0.0063
0.0065
0.0066
0.0064
0.0068
0.0068
0.0067
0.0065
0.0074
0.0067
0.0068
0.0068
0.0068
0.0066
0.0066
0.0067
0.0066
0.0073
0.0069
0.0067
0.0069
0.0066
0.0067
0.0066
0.0064
0.0071
0.0064
0.0066
0.0069
0.0068
0.0063
0.0065
0.0065
0.0062
0.0067
0.0065
0.0067
0.0065
0.0066
0.0064
0.0067
0.0069
0.0065
0.0069
0.0070
0.0069
0.0065
0.0070
0.0062
0.0067
0.0065
0.0065
0.0065
0.0065
0.0061
0.0065
0.0064
0.0066
0.0063
0.0068
0.0064
0.0067
0.0064
0.0066
0.0068
0.0062
0.0070
0.0063
0.0064
0.0065
0.0066
0.0065
0.0064
0.0069
0.0063
0.0060
0.0068
0.0062
0.0064
0.0062
0.0068
0.0066
0.0064
0.0064
0.0063
0.0062
0.0066
0.0061
0.0065
0.0064
0.0064
0.0066
0.0061
0.0068
0.0065
0.0067
0.0063
0.0063
0.0061
0.0060
0.0063
0.0064
0.0064
0.0060
0.0059
0.0065
0.0063
0.0062
0.0064
0.0063
0.0061
0.0067
0.0065
0.0062
0.0062
0.0067
0.0060
0.0061
0.0064
0.0065
0.0065
0.0064
0.0061
0.0062
0.0064
0.0066
0.0063
0.0062
0.0058
0.0064
0.0062
0.0061
0.0059
0.0063
0.0060
0.0067
0.0062
0.0064
0.0059
0.0064
0.0065
0.0061
0.0063
0.0062
0.0062
0.0060
0.0062
0.0059
0.0062
0.0061
0.0062
0.0067
0.0057
0.0061
0.0058
0.0059
0.0061
0.0062
0.0061
0.0060
0.0061
0.0060
0.0059
0.0063
0.0064
0.0060
0.0065
0.0057
0.0059
0.0060
0.0060
0.0060
0.0062
0.0061
0.0060
0.0062
0.0057
0.0061
0.0062
0.0060
0.0057
0.0061
0.0057
0.0061
0.0059
0.0058
0.0058
0.0060
0.0061
0.0064
0.0059
0.0065
0.0060
0.0062
0.0058
0.0058
0.0057
0.0059
0.0058
0.0061
0.0057
0.0058
0.0056
0.0057
0.0058
0.0059
0.0058
0.0060
0.0058
0.0057
0.0058
0.0060
0.0059
0.0059
0.0054
0.0062
0.0057
0.0060
0.0058
0.0058
0.0058
0.0055
0.0055
0.0057
0.0058
0.0055
0.0055
0.0057
0.0056
0.0055
0.0062
0.0057
0.0060
0.0060
0.0056
0.0061
0.0057
0.0057
0.0056
0.0060
0.0061
0.0058
0.0060
0.0059
0.0058
0.0056
0.0058
0.0056
0.0057
0.0055
0.0057
0.0056
0.0057
0.0057
0.0057
0.0056
0.0056
0.0058
0.0054
0.0057
0.0054
0.0058
0.0056
0.0057
0.0055
0.0054
0.0058
0.0060
0.0057
0.0054
0.0055
0.0055
0.0056
0.0055
0.0059
0.0055
0.0060
0.0055
0.0056
0.0058
0.0056
0.0058
0.0053
0.0059
0.0059
0.0058
0.0062
0.0058
0.0059
0.0053
0.0057
0.0055
0.0054
0.0058
0.0054
0.0057
0.0055
0.0056
0.0055
0.0055
0.0055
0.0054
0.0054
0.0057
0.0056
0.0054
0.0059
0.0055
0.0052
0.0053
0.0057
0.0056
0.0050
0.0055
0.0056
0.0055
0.0054
0.0054
0.0054
0.0056
0.0057
0.0058
0.0056
0.0054
0.0057
0.0054
0.0055
0.0053
0.0053
0.0054
0.0055
0.0052
0.0054
0.0059
0.0055
0.0055
0.0054
0.0057
0.0052
0.0055
0.0052
0.0051
0.0052
0.0053
0.0051
0.0054
0.0054
0.0054
0.0055
0.0055
0.0056
0.0053
0.0057
0.0053
0.0051
0.0054
0.0054
0.0053
0.0051
0.0052
0.0054
0.0053
0.0053
0.0055
0.0055
0.0053
0.0056
0.0055
0.0054
0.0055
0.0052
0.0055
0.0054
0.0057
0.0054
0.0052
0.0051
0.0052
0.0055
0.0056
0.0054
0.0054
0.0054
0.0056
0.0057
0.0051
0.0052
0.0054
0.0052
0.0055
0.0051
0.0056
0.0050
0.0052
0.0052
0.0054
0.0055
0.0052
0.0053
0.0055
0.0055
0.0049
0.0052
0.0055
0.0053
0.0052
0.0054
0.0054
0.0051
0.0054
0.0048
0.0050
0.0054
0.0050
0.0055
0.0050
0.0049
0.0054
0.0051
0.0049
0.0055
0.0052
0.0053
0.0053
0.0051
0.0052
0.0049
0.0050
0.0052
0.0051
0.0053
0.0051
0.0048
0.0053
0.0051
0.0048
0.0051
0.0053
0.0052
0.0052
0.0051
0.0051
0.0053
0.0053
0.0048
0.0052
0.0050
0.0051
0.0051
0.0049
0.0051
0.0048
0.0054
0.0048
0.0053
0.0052
0.0048
0.0052
0.0050
0.0053
0.0048
0.0052
0.0051
0.0051
0.0051
0.0051
0.0050
0.0053
0.0051
0.0051
0.0051
0.0052
0.0047
0.0053
0.0048
0.0054
0.0050
0.0051
0.0050
0.0052
0.0050
0.0052
0.0050
0.0044
0.0047
0.0051
0.0048
0.0049
0.0047
0.0052
0.0050
0.0048
0.0047
0.0049
0.0049
0.0053
0.0053
0.0051
0.0049
0.0045
0.0049
0.0050
0.0047
0.0052
0.0051
0.0049
0.0050
0.0050
0.0048
0.0050
0.0048
0.0050
0.0050
0.0047
0.0050
0.0046
0.0054
0.0052
0.0050
0.0049
0.0051
0.0050
0.0046
0.0046
0.0044
0.0053
0.0049
0.0047
0.0049
0.0050
0.0052
0.0048
0.0049
0.0049
0.0048
0.0048
0.0052
0.0050
0.0050
0.0051
0.0049
0.0049
0.0051
0.0048
0.0053
0.0052
0.0045
0.0048
0.0047
0.0048
0.0049
0.0047
0.0047
0.0051
0.0048
0.0047
0.0048
0.0048
0.0051
0.0047
0.0051
0.0048
0.0048
0.0046
0.0047
0.0047
0.0047
0.0046
0.0048
0.0048
0.0049
0.0044
0.0048
0.0048
0.0050
0.0048
0.0046
0.0045
0.0047
0.0044
0.0052
0.0046
0.0049
0.0047
0.0049
0.0043
0.0046
0.0047
0.0047
0.0049
0.0044
0.0047
0.0046
0.0050
0.0051
0.0043
0.0044
0.0046
0.0047
0.0047
0.0048
0.0046
0.0046
0.0049
0.0046
0.0045
0.0048
0.0047
0.0049
0.0044
0.0046
0.0046
0.0046
0.0046
0.0047
0.0047
0.0047
0.0046
0.0048
0.0049
0.0048
0.0048
0.0046
0.0047
0.0047
0.0047
0.0044
0.0047
0.0046
0.0047
0.0048
0.0045
0.0045
0.0046
0.0045
0.0045
0.0044
0.0045
0.0043
0.0044
0.0046
0.0046
0.0046
0.0044
0.0045
0.0046
0.0047
0.0044
0.0044
0.0048
0.0049
0.0049
0.0047
0.0051
0.0044
0.0046
0.0046
0.0048
0.0044
0.0049
0.0044
0.0046
0.0048
0.0044
0.0047
0.0044
0.0044
0.0046
0.0044
0.0045
0.0047
0.0044
0.0047
0.0044
0.0047
0.0046
0.0045
0.0044
0.0045
0.0047
0.0047
0.0048
